66000000 1 2 3 4
63000001 2 3 4 5
64000064 3 4 5 6
62000000 4 5 6 7
65000000 5 6 7 8
90100000 6 7 10 11
66600001 7 8 9 12
3046000b 8 10 11 13
91100000 9 11 14 15
72320000 10 11 12 16
4020fffc 11 13 14 17
b21a0000 12 15 -1 -1
10520013 13 14 15 -1
02500013 14 15 16 -1
92200000 15 -1 -1 -1
10520013 16 17 -1 -1
65500001 17 -1 -1 -1
66600001 19 20 21 22
3046000b 20 22 23 24
91100000 21 22 25 26
72320000 22 23 24 27
4020fffc 23 25 26 28
66600001 24 26 27 -1
3046000b 25 28 -1 -1
91100000 26 27 -1 -1
72320000 27 -1 -1 -1
4020fffc 28 -1 -1 -1
b21a0000 30 31 36 37
10520013 31 32 33 38
02500013 32 33 50 51
92200000 33 51 54 55
10520013 34 35 36 56
65500001 35 36 37 57
2000fff5 36 -1 -1 58
c0000000 37 -1 -1 -1
00000000 38 39 51 -1
00000000 39 40 52 -1
00000000 51 52 53 -1
00000000 52 53 54 -1
00000000 53 54 55 -1
66600001 60 61 62 63
3046000b 61 63 64 65
91100000 62 63 66 67
72320000 63 64 65 68
4020fffc 64 66 67 69
b21a0000 65 67 -1 -1
10520013 66 67 68 -1
02500013 67 68 69 -1
92200000 68 -1 -1 -1
10520013 69 -1 -1 -1
66600001 71 72 73 74
3046000b 72 74 75 76
91100000 73 74 77 78
72320000 74 75 76 79
4020fffc 75 77 78 80
66600001 76 78 79 -1
3046000b 77 80 -1 -1
91100000 78 79 -1 -1
72320000 79 -1 -1 -1
4020fffc 80 -1 -1 -1
b21a0000 82 83 88 89
10520013 83 84 85 90
02500013 84 85 102 103
92200000 85 103 106 107
10520013 86 87 88 108
65500001 87 88 89 109
2000fff5 88 -1 -1 110
66600001 89 90 91 111
3046000b 90 92 93 112
91100000 91 92 95 113
72320000 92 93 94 114
4020fffc 93 95 96 115
b21a0000 104 105 110 -1
10520013 108 109 110 -1
02500013 109 110 111 -1
92200000 110 -1 -1 -1
10520013 111 112 113 -1
65500001 112 113 114 -1
2000fff5 113 -1 -1 -1
66600001 114 115 -1 -1
3046000b 115 -1 -1 -1
66600001 117 118 119 120
3046000b 118 120 121 122
91100000 119 120 123 124
72320000 120 121 122 125
4020fffc 121 123 124 126
66600001 122 124 125 -1
3046000b 123 126 -1 -1
91100000 124 125 -1 -1
72320000 125 -1 -1 -1
4020fffc 126 -1 -1 -1
b21a0000 128 129 134 135
10520013 129 130 131 136
02500013 130 131 148 149
92200000 131 149 152 153
10520013 132 133 134 154
65500001 133 134 135 155
2000fff5 134 -1 -1 156
66600001 135 136 137 157
3046000b 136 138 139 158
91100000 137 138 141 159
72320000 138 139 140 160
4020fffc 139 141 142 161
b21a0000 150 151 156 -1
10520013 154 155 156 -1
02500013 155 156 157 -1
92200000 156 -1 -1 -1
10520013 157 158 159 -1
65500001 158 159 160 -1
2000fff5 159 -1 -1 -1
66600001 160 161 -1 -1
3046000b 161 -1 -1 -1
66600001 163 164 165 166
3046000b 164 166 167 168
91100000 165 166 169 170
72320000 166 167 168 171
4020fffc 167 169 170 172
66600001 168 170 171 -1
3046000b 169 172 -1 -1
91100000 170 171 -1 -1
72320000 171 -1 -1 -1
4020fffc 172 -1 -1 -1
b21a0000 174 175 180 181
10520013 175 176 177 182
02500013 176 177 194 195
92200000 177 195 198 199
10520013 178 179 180 200
65500001 179 180 181 201
2000fff5 180 -1 -1 202
66600001 181 182 183 203
3046000b 182 184 185 204
91100000 183 184 187 205
72320000 184 185 186 206
4020fffc 185 187 188 207
b21a0000 196 197 202 -1
10520013 200 201 202 -1
02500013 201 202 203 -1
92200000 202 -1 -1 -1
10520013 203 204 205 -1
65500001 204 205 206 -1
2000fff5 205 -1 -1 -1
66600001 206 207 -1 -1
3046000b 207 -1 -1 -1
66600001 209 210 211 212
3046000b 210 212 213 214
91100000 211 212 215 216
72320000 212 213 214 217
4020fffc 213 215 216 218
66600001 214 216 217 -1
3046000b 215 218 -1 -1
91100000 216 217 -1 -1
72320000 217 -1 -1 -1
4020fffc 218 -1 -1 -1
b21a0000 220 221 226 227
10520013 221 222 223 228
02500013 222 223 240 241
92200000 223 241 244 245
10520013 224 225 226 246
65500001 225 226 227 247
2000fff5 226 -1 -1 248
66600001 227 228 229 249
3046000b 228 230 231 250
91100000 229 230 233 251
72320000 230 231 232 252
4020fffc 231 233 234 253
b21a0000 242 243 248 -1
10520013 246 247 248 -1
02500013 247 248 249 -1
92200000 248 -1 -1 -1
10520013 249 250 251 -1
65500001 250 251 252 -1
2000fff5 251 -1 -1 -1
66600001 252 253 -1 -1
3046000b 253 -1 -1 -1
66600001 255 256 257 258
3046000b 256 258 259 260
91100000 257 258 261 262
72320000 258 259 260 263
4020fffc 259 261 262 264
66600001 260 262 263 -1
3046000b 261 264 -1 -1
91100000 262 263 -1 -1
72320000 263 -1 -1 -1
4020fffc 264 -1 -1 -1
b21a0000 266 267 272 273
10520013 267 268 269 274
02500013 268 269 286 287
92200000 269 287 290 291
10520013 270 271 272 292
65500001 271 272 273 293
2000fff5 272 -1 -1 294
66600001 273 274 275 295
3046000b 274 276 277 296
91100000 275 276 279 297
72320000 276 277 278 298
4020fffc 277 279 280 299
b21a0000 288 289 294 -1
10520013 292 293 294 -1
02500013 293 294 295 -1
92200000 294 -1 -1 -1
10520013 295 296 297 -1
65500001 296 297 298 -1
2000fff5 297 -1 -1 -1
66600001 298 299 -1 -1
3046000b 299 -1 -1 -1
66600001 301 302 303 304
3046000b 302 304 305 306
91100000 303 304 307 308
72320000 304 305 306 309
4020fffc 305 307 308 310
66600001 306 308 309 -1
3046000b 307 310 -1 -1
91100000 308 309 -1 -1
72320000 309 -1 -1 -1
4020fffc 310 -1 -1 -1
b21a0000 312 313 318 319
10520013 313 314 315 320
02500013 314 315 332 333
92200000 315 333 336 337
10520013 316 317 318 338
65500001 317 318 319 339
2000fff5 318 -1 -1 340
66600001 319 320 321 341
3046000b 320 322 323 342
91100000 321 322 325 343
72320000 322 323 324 344
4020fffc 323 325 326 345
b21a0000 334 335 340 -1
10520013 338 339 340 -1
02500013 339 340 341 -1
92200000 340 -1 -1 -1
10520013 341 342 343 -1
65500001 342 343 344 -1
2000fff5 343 -1 -1 -1
66600001 344 345 -1 -1
3046000b 345 -1 -1 -1
66600001 347 348 349 350
3046000b 348 350 351 352
91100000 349 350 353 354
72320000 350 351 352 355
4020fffc 351 353 354 356
66600001 352 354 355 -1
3046000b 353 356 -1 -1
91100000 354 355 -1 -1
72320000 355 -1 -1 -1
4020fffc 356 -1 -1 -1
b21a0000 358 359 364 365
10520013 359 360 361 366
02500013 360 361 378 379
92200000 361 379 382 383
10520013 362 363 364 384
65500001 363 364 365 385
2000fff5 364 -1 -1 386
66600001 365 366 367 387
3046000b 366 368 369 388
91100000 367 368 371 389
72320000 368 369 370 390
4020fffc 369 371 372 391
b21a0000 380 381 386 -1
10520013 384 385 386 -1
02500013 385 386 387 -1
92200000 386 -1 -1 -1
10520013 387 388 389 -1
65500001 388 389 390 -1
2000fff5 389 -1 -1 -1
66600001 390 391 -1 -1
3046000b 391 -1 -1 -1
66600001 393 394 395 396
3046000b 394 396 397 398
91100000 395 396 399 400
72320000 396 397 398 401
4020fffc 397 399 400 402
66600001 398 400 401 -1
3046000b 399 402 -1 -1
91100000 400 401 -1 -1
72320000 401 -1 -1 -1
4020fffc 402 -1 -1 -1
b21a0000 404 405 410 411
10520013 405 406 407 412
02500013 406 407 424 425
92200000 407 425 428 429
10520013 408 409 410 430
65500001 409 410 411 431
2000fff5 410 -1 -1 432
66600001 411 412 413 433
3046000b 412 414 415 434
91100000 413 414 417 435
72320000 414 415 416 436
4020fffc 415 417 418 437
b21a0000 426 427 432 -1
10520013 430 431 432 -1
02500013 431 432 433 -1
92200000 432 -1 -1 -1
10520013 433 434 435 -1
65500001 434 435 436 -1
2000fff5 435 -1 -1 -1
66600001 436 437 -1 -1
3046000b 437 -1 -1 -1
66600001 439 440 441 442
3046000b 440 442 443 444
91100000 441 442 445 446
72320000 442 443 444 447
4020fffc 443 445 446 448
66600001 444 446 447 -1
3046000b 445 448 -1 -1
91100000 446 447 -1 -1
72320000 447 -1 -1 -1
4020fffc 448 -1 -1 -1
b21a0000 450 451 456 457
10520013 451 452 453 458
02500013 452 453 470 471
92200000 453 471 474 475
10520013 454 455 456 476
65500001 455 456 457 477
2000fff5 456 -1 -1 478
66600001 457 458 459 479
3046000b 458 460 461 480
91100000 459 460 463 481
72320000 460 461 462 482
4020fffc 461 463 464 483
b21a0000 472 473 478 -1
10520013 476 477 478 -1
02500013 477 478 479 -1
92200000 478 -1 -1 -1
10520013 479 480 481 -1
65500001 480 481 482 -1
2000fff5 481 -1 -1 -1
66600001 482 483 -1 -1
3046000b 483 -1 -1 -1
66600001 485 486 487 488
3046000b 486 488 489 490
91100000 487 488 491 492
72320000 488 489 490 493
4020fffc 489 491 492 494
66600001 490 492 493 -1
3046000b 491 494 -1 -1
91100000 492 493 -1 -1
72320000 493 -1 -1 -1
4020fffc 494 -1 -1 -1
b21a0000 496 497 502 503
10520013 497 498 499 504
02500013 498 499 516 517
92200000 499 517 520 521
10520013 500 501 502 522
65500001 501 502 503 523
2000fff5 502 -1 -1 524
66600001 503 504 505 525
3046000b 504 506 507 526
91100000 505 506 509 527
72320000 506 507 508 528
4020fffc 507 509 510 529
b21a0000 518 519 524 -1
10520013 522 523 524 -1
02500013 523 524 525 -1
92200000 524 -1 -1 -1
10520013 525 526 527 -1
65500001 526 527 528 -1
2000fff5 527 -1 -1 -1
66600001 528 529 -1 -1
3046000b 529 -1 -1 -1
66600001 531 532 533 534
3046000b 532 534 535 536
91100000 533 534 537 538
72320000 534 535 536 539
4020fffc 535 537 538 540
66600001 536 538 539 -1
3046000b 537 540 -1 -1
91100000 538 539 -1 -1
72320000 539 -1 -1 -1
4020fffc 540 -1 -1 -1
b21a0000 542 543 548 549
10520013 543 544 545 550
02500013 544 545 562 563
92200000 545 563 566 567
10520013 546 547 548 568
65500001 547 548 549 569
2000fff5 548 -1 -1 570
66600001 549 550 551 571
3046000b 550 552 553 572
91100000 551 552 555 573
72320000 552 553 554 574
4020fffc 553 555 556 575
b21a0000 564 565 570 -1
10520013 568 569 570 -1
02500013 569 570 571 -1
92200000 570 -1 -1 -1
10520013 571 572 573 -1
65500001 572 573 574 -1
2000fff5 573 -1 -1 -1
66600001 574 575 -1 -1
3046000b 575 -1 -1 -1
66600001 577 578 579 580
3046000b 578 580 581 582
91100000 579 580 583 584
72320000 580 581 582 585
4020fffc 581 583 584 586
66600001 582 584 585 -1
3046000b 583 586 -1 -1
91100000 584 585 -1 -1
72320000 585 -1 -1 -1
4020fffc 586 -1 -1 -1
b21a0000 588 589 594 595
10520013 589 590 591 596
02500013 590 591 608 609
92200000 591 609 612 613
10520013 592 593 594 614
65500001 593 594 595 615
2000fff5 594 -1 -1 616
66600001 595 596 597 617
3046000b 596 598 599 618
91100000 597 598 601 619
72320000 598 599 600 620
4020fffc 599 601 602 621
b21a0000 610 611 616 -1
10520013 614 615 616 -1
02500013 615 616 617 -1
92200000 616 -1 -1 -1
10520013 617 618 619 -1
65500001 618 619 620 -1
2000fff5 619 -1 -1 -1
66600001 620 621 -1 -1
3046000b 621 -1 -1 -1
66600001 623 624 625 626
3046000b 624 626 627 628
91100000 625 626 629 630
72320000 626 627 628 631
4020fffc 627 629 630 632
66600001 628 630 631 -1
3046000b 629 632 -1 -1
91100000 630 631 -1 -1
72320000 631 -1 -1 -1
4020fffc 632 -1 -1 -1
b21a0000 634 635 640 641
10520013 635 636 637 642
02500013 636 637 654 655
92200000 637 655 658 659
10520013 638 639 640 660
65500001 639 640 641 661
2000fff5 640 -1 -1 662
66600001 641 642 643 663
3046000b 642 644 645 664
91100000 643 644 647 665
72320000 644 645 646 666
4020fffc 645 647 648 667
b21a0000 656 657 662 -1
10520013 660 661 662 -1
02500013 661 662 663 -1
92200000 662 -1 -1 -1
10520013 663 664 665 -1
65500001 664 665 666 -1
2000fff5 665 -1 -1 -1
66600001 666 667 -1 -1
3046000b 667 -1 -1 -1
66600001 669 670 671 672
3046000b 670 672 673 674
91100000 671 672 675 676
72320000 672 673 674 677
4020fffc 673 675 676 678
66600001 674 676 677 -1
3046000b 675 678 -1 -1
91100000 676 677 -1 -1
72320000 677 -1 -1 -1
4020fffc 678 -1 -1 -1
b21a0000 680 681 686 687
10520013 681 682 683 688
02500013 682 683 700 701
92200000 683 701 704 705
10520013 684 685 686 706
65500001 685 686 687 707
2000fff5 686 -1 -1 708
66600001 687 688 689 709
3046000b 688 690 691 710
91100000 689 690 693 711
72320000 690 691 692 712
4020fffc 691 693 694 713
b21a0000 702 703 708 -1
10520013 706 707 708 -1
02500013 707 708 709 -1
92200000 708 -1 -1 -1
10520013 709 710 711 -1
65500001 710 711 712 -1
2000fff5 711 -1 -1 -1
66600001 712 713 -1 -1
3046000b 713 -1 -1 -1
66600001 715 716 717 718
3046000b 716 718 719 720
91100000 717 718 721 722
72320000 718 719 720 723
4020fffc 719 721 722 724
66600001 720 722 723 -1
3046000b 721 724 -1 -1
91100000 722 723 -1 -1
72320000 723 -1 -1 -1
4020fffc 724 -1 -1 -1
b21a0000 726 727 732 733
10520013 727 728 729 734
02500013 728 729 746 747
92200000 729 747 750 751
10520013 730 731 732 752
65500001 731 732 733 753
2000fff5 732 -1 -1 754
66600001 733 734 735 755
3046000b 734 736 737 756
91100000 735 736 739 757
72320000 736 737 738 758
4020fffc 737 739 740 759
b21a0000 748 749 754 -1
10520013 752 753 754 -1
02500013 753 754 755 -1
92200000 754 -1 -1 -1
10520013 755 756 757 -1
65500001 756 757 758 -1
2000fff5 757 -1 -1 -1
66600001 758 759 -1 -1
3046000b 759 -1 -1 -1
66600001 761 762 763 764
3046000b 762 764 765 766
91100000 763 764 767 768
72320000 764 765 766 769
4020fffc 765 767 768 770
66600001 766 768 769 -1
3046000b 767 770 -1 -1
91100000 768 769 -1 -1
72320000 769 -1 -1 -1
4020fffc 770 -1 -1 -1
b21a0000 772 773 778 779
10520013 773 774 775 780
02500013 774 775 792 793
92200000 775 793 796 797
10520013 776 777 778 798
65500001 777 778 779 799
2000fff5 778 -1 -1 800
66600001 779 780 781 801
3046000b 780 782 783 802
91100000 781 782 785 803
72320000 782 783 784 804
4020fffc 783 785 786 805
b21a0000 794 795 800 -1
10520013 798 799 800 -1
02500013 799 800 801 -1
92200000 800 -1 -1 -1
10520013 801 802 803 -1
65500001 802 803 804 -1
2000fff5 803 -1 -1 -1
66600001 804 805 -1 -1
3046000b 805 -1 -1 -1
66600001 807 808 809 810
3046000b 808 810 811 812
91100000 809 810 813 814
72320000 810 811 812 815
4020fffc 811 813 814 816
66600001 812 814 815 -1
3046000b 813 816 -1 -1
91100000 814 815 -1 -1
72320000 815 -1 -1 -1
4020fffc 816 -1 -1 -1
b21a0000 818 819 824 825
10520013 819 820 821 826
02500013 820 821 838 839
92200000 821 839 842 843
10520013 822 823 824 844
65500001 823 824 825 845
2000fff5 824 -1 -1 846
66600001 825 826 827 847
3046000b 826 828 829 848
91100000 827 828 831 849
72320000 828 829 830 850
4020fffc 829 831 832 851
b21a0000 840 841 846 -1
10520013 844 845 846 -1
02500013 845 846 847 -1
92200000 846 -1 -1 -1
10520013 847 848 849 -1
65500001 848 849 850 -1
2000fff5 849 -1 -1 -1
66600001 850 851 -1 -1
3046000b 851 -1 -1 -1
66600001 853 854 855 856
3046000b 854 856 857 858
91100000 855 856 859 860
72320000 856 857 858 861
4020fffc 857 859 860 862
66600001 858 860 861 -1
3046000b 859 862 -1 -1
91100000 860 861 -1 -1
72320000 861 -1 -1 -1
4020fffc 862 -1 -1 -1
b21a0000 864 865 870 871
10520013 865 866 867 872
02500013 866 867 884 885
92200000 867 885 888 889
10520013 868 869 870 890
65500001 869 870 871 891
2000fff5 870 -1 -1 892
66600001 871 872 873 893
3046000b 872 874 875 894
91100000 873 874 877 895
72320000 874 875 876 896
4020fffc 875 877 878 897
b21a0000 886 887 892 -1
10520013 890 891 892 -1
02500013 891 892 893 -1
92200000 892 -1 -1 -1
10520013 893 894 895 -1
65500001 894 895 896 -1
2000fff5 895 -1 -1 -1
66600001 896 897 -1 -1
3046000b 897 -1 -1 -1
66600001 899 900 901 902
3046000b 900 902 903 904
91100000 901 902 905 906
72320000 902 903 904 907
4020fffc 903 905 906 908
66600001 904 906 907 -1
3046000b 905 908 -1 -1
91100000 906 907 -1 -1
72320000 907 -1 -1 -1
4020fffc 908 -1 -1 -1
b21a0000 910 911 916 917
10520013 911 912 913 918
02500013 912 913 930 931
92200000 913 931 934 935
10520013 914 915 916 936
65500001 915 916 917 937
2000fff5 916 -1 -1 938
66600001 917 918 919 939
3046000b 918 920 921 940
91100000 919 920 923 941
72320000 920 921 922 942
4020fffc 921 923 924 943
b21a0000 932 933 938 -1
10520013 936 937 938 -1
02500013 937 938 939 -1
92200000 938 -1 -1 -1
10520013 939 940 941 -1
65500001 940 941 942 -1
2000fff5 941 -1 -1 -1
66600001 942 943 -1 -1
3046000b 943 -1 -1 -1
66600001 945 946 947 948
3046000b 946 948 949 950
91100000 947 948 951 952
72320000 948 949 950 953
4020fffc 949 951 952 954
66600001 950 952 953 -1
3046000b 951 954 -1 -1
91100000 952 953 -1 -1
72320000 953 -1 -1 -1
4020fffc 954 -1 -1 -1
b21a0000 956 957 962 963
10520013 957 958 959 964
02500013 958 959 976 977
92200000 959 977 980 981
10520013 960 961 962 982
65500001 961 962 963 983
2000fff5 962 -1 -1 984
66600001 963 964 965 985
3046000b 964 966 967 986
91100000 965 966 969 987
72320000 966 967 968 988
4020fffc 967 969 970 989
b21a0000 978 979 984 -1
10520013 982 983 984 -1
02500013 983 984 985 -1
92200000 984 -1 -1 -1
10520013 985 986 987 -1
65500001 986 987 988 -1
2000fff5 987 -1 -1 -1
66600001 988 989 -1 -1
3046000b 989 -1 -1 -1
66600001 991 992 993 994
3046000b 992 994 995 996
91100000 993 994 997 998
72320000 994 995 996 999
4020fffc 995 997 998 1000
66600001 996 998 999 -1
3046000b 997 1000 -1 -1
91100000 998 999 -1 -1
72320000 999 -1 -1 -1
4020fffc 1000 -1 -1 -1
b21a0000 1002 1003 1008 1009
10520013 1003 1004 1005 1010
02500013 1004 1005 1022 1023
92200000 1005 1023 1026 1027
10520013 1006 1007 1008 1028
65500001 1007 1008 1009 1029
2000fff5 1008 -1 -1 1030
66600001 1009 1010 1011 1031
3046000b 1010 1012 1013 1032
91100000 1011 1012 1015 1033
72320000 1012 1013 1014 1034
4020fffc 1013 1015 1016 1035
b21a0000 1024 1025 1030 -1
10520013 1028 1029 1030 -1
02500013 1029 1030 1031 -1
92200000 1030 -1 -1 -1
10520013 1031 1032 1033 -1
65500001 1032 1033 1034 -1
2000fff5 1033 -1 -1 -1
66600001 1034 1035 -1 -1
3046000b 1035 -1 -1 -1
66600001 1037 1038 1039 1040
3046000b 1038 1040 1041 1042
91100000 1039 1040 1043 1044
72320000 1040 1041 1042 1045
4020fffc 1041 1043 1044 1046
66600001 1042 1044 1045 -1
3046000b 1043 1046 -1 -1
91100000 1044 1045 -1 -1
72320000 1045 -1 -1 -1
4020fffc 1046 -1 -1 -1
b21a0000 1048 1049 1054 1055
10520013 1049 1050 1051 1056
02500013 1050 1051 1068 1069
92200000 1051 1069 1072 1073
10520013 1052 1053 1054 1074
65500001 1053 1054 1055 1075
2000fff5 1054 -1 -1 1076
66600001 1055 1056 1057 1077
3046000b 1056 1058 1059 1078
91100000 1057 1058 1061 1079
72320000 1058 1059 1060 1080
4020fffc 1059 1061 1062 1081
b21a0000 1070 1071 1076 -1
10520013 1074 1075 1076 -1
02500013 1075 1076 1077 -1
92200000 1076 -1 -1 -1
10520013 1077 1078 1079 -1
65500001 1078 1079 1080 -1
2000fff5 1079 -1 -1 -1
66600001 1080 1081 -1 -1
3046000b 1081 -1 -1 -1
66600001 1083 1084 1085 1086
3046000b 1084 1086 1087 1088
91100000 1085 1086 1089 1090
72320000 1086 1087 1088 1091
4020fffc 1087 1089 1090 1092
66600001 1088 1090 1091 -1
3046000b 1089 1092 -1 -1
91100000 1090 1091 -1 -1
72320000 1091 -1 -1 -1
4020fffc 1092 -1 -1 -1
b21a0000 1094 1095 1100 1101
10520013 1095 1096 1097 1102
02500013 1096 1097 1114 1115
92200000 1097 1115 1118 1119
10520013 1098 1099 1100 1120
65500001 1099 1100 1101 1121
2000fff5 1100 -1 -1 1122
66600001 1101 1102 1103 1123
3046000b 1102 1104 1105 1124
91100000 1103 1104 1107 1125
72320000 1104 1105 1106 1126
4020fffc 1105 1107 1108 1127
b21a0000 1116 1117 1122 -1
10520013 1120 1121 1122 -1
02500013 1121 1122 1123 -1
92200000 1122 -1 -1 -1
10520013 1123 1124 1125 -1
65500001 1124 1125 1126 -1
2000fff5 1125 -1 -1 -1
66600001 1126 1127 -1 -1
3046000b 1127 -1 -1 -1
66600001 1129 1130 1131 1132
3046000b 1130 1132 1133 1134
91100000 1131 1132 1135 1136
72320000 1132 1133 1134 1137
4020fffc 1133 1135 1136 1138
66600001 1134 1136 1137 -1
3046000b 1135 1138 -1 -1
91100000 1136 1137 -1 -1
72320000 1137 -1 -1 -1
4020fffc 1138 -1 -1 -1
b21a0000 1140 1141 1146 1147
10520013 1141 1142 1143 1148
02500013 1142 1143 1160 1161
92200000 1143 1161 1164 1165
10520013 1144 1145 1146 1166
65500001 1145 1146 1147 1167
2000fff5 1146 -1 -1 1168
66600001 1147 1148 1149 1169
3046000b 1148 1150 1151 1170
91100000 1149 1150 1153 1171
72320000 1150 1151 1152 1172
4020fffc 1151 1153 1154 1173
b21a0000 1162 1163 1168 -1
10520013 1166 1167 1168 -1
02500013 1167 1168 1169 -1
92200000 1168 -1 -1 -1
10520013 1169 1170 1171 -1
65500001 1170 1171 1172 -1
2000fff5 1171 -1 -1 -1
66600001 1172 1173 -1 -1
3046000b 1173 -1 -1 -1
66600001 1175 1176 1177 1178
3046000b 1176 1178 1179 1180
91100000 1177 1178 1181 1182
72320000 1178 1179 1180 1183
4020fffc 1179 1181 1182 1184
66600001 1180 1182 1183 -1
3046000b 1181 1184 -1 -1
91100000 1182 1183 -1 -1
72320000 1183 -1 -1 -1
4020fffc 1184 -1 -1 -1
b21a0000 1186 1187 1192 1193
10520013 1187 1188 1189 1194
02500013 1188 1189 1206 1207
92200000 1189 1207 1210 1211
10520013 1190 1191 1192 1212
65500001 1191 1192 1193 1213
2000fff5 1192 -1 -1 1214
66600001 1193 1194 1195 1215
3046000b 1194 1196 1197 1216
91100000 1195 1196 1199 1217
72320000 1196 1197 1198 1218
4020fffc 1197 1199 1200 1219
b21a0000 1208 1209 1214 -1
10520013 1212 1213 1214 -1
02500013 1213 1214 1215 -1
92200000 1214 -1 -1 -1
10520013 1215 1216 1217 -1
65500001 1216 1217 1218 -1
2000fff5 1217 -1 -1 -1
66600001 1218 1219 -1 -1
3046000b 1219 -1 -1 -1
66600001 1221 1222 1223 1224
3046000b 1222 1224 1225 1226
91100000 1223 1224 1227 1228
72320000 1224 1225 1226 1229
4020fffc 1225 1227 1228 1230
66600001 1226 1228 1229 -1
3046000b 1227 1230 -1 -1
91100000 1228 1229 -1 -1
72320000 1229 -1 -1 -1
4020fffc 1230 -1 -1 -1
b21a0000 1232 1233 1238 1239
10520013 1233 1234 1235 1240
02500013 1234 1235 1252 1253
92200000 1235 1253 1256 1257
10520013 1236 1237 1238 1258
65500001 1237 1238 1239 1259
2000fff5 1238 -1 -1 1260
66600001 1239 1240 1241 1261
3046000b 1240 1242 1243 1262
91100000 1241 1242 1245 1263
72320000 1242 1243 1244 1264
4020fffc 1243 1245 1246 1265
b21a0000 1254 1255 1260 -1
10520013 1258 1259 1260 -1
02500013 1259 1260 1261 -1
92200000 1260 -1 -1 -1
10520013 1261 1262 1263 -1
65500001 1262 1263 1264 -1
2000fff5 1263 -1 -1 -1
66600001 1264 1265 -1 -1
3046000b 1265 -1 -1 -1
66600001 1267 1268 1269 1270
3046000b 1268 1270 1271 1272
91100000 1269 1270 1273 1274
72320000 1270 1271 1272 1275
4020fffc 1271 1273 1274 1276
66600001 1272 1274 1275 -1
3046000b 1273 1276 -1 -1
91100000 1274 1275 -1 -1
72320000 1275 -1 -1 -1
4020fffc 1276 -1 -1 -1
b21a0000 1278 1279 1284 1285
10520013 1279 1280 1281 1286
02500013 1280 1281 1298 1299
92200000 1281 1299 1302 1303
10520013 1282 1283 1284 1304
65500001 1283 1284 1285 1305
2000fff5 1284 -1 -1 1306
66600001 1285 1286 1287 1307
3046000b 1286 1288 1289 1308
91100000 1287 1288 1291 1309
72320000 1288 1289 1290 1310
4020fffc 1289 1291 1292 1311
b21a0000 1300 1301 1306 -1
10520013 1304 1305 1306 -1
02500013 1305 1306 1307 -1
92200000 1306 -1 -1 -1
10520013 1307 1308 1309 -1
65500001 1308 1309 1310 -1
2000fff5 1309 -1 -1 -1
66600001 1310 1311 -1 -1
3046000b 1311 -1 -1 -1
66600001 1313 1314 1315 1316
3046000b 1314 1316 1317 1318
91100000 1315 1316 1319 1320
72320000 1316 1317 1318 1321
4020fffc 1317 1319 1320 1322
66600001 1318 1320 1321 -1
3046000b 1319 1322 -1 -1
91100000 1320 1321 -1 -1
72320000 1321 -1 -1 -1
4020fffc 1322 -1 -1 -1
b21a0000 1324 1325 1330 1331
10520013 1325 1326 1327 1332
02500013 1326 1327 1344 1345
92200000 1327 1345 1348 1349
10520013 1328 1329 1330 1350
65500001 1329 1330 1331 1351
2000fff5 1330 -1 -1 1352
66600001 1331 1332 1333 1353
3046000b 1332 1334 1335 1354
91100000 1333 1334 1337 1355
72320000 1334 1335 1336 1356
4020fffc 1335 1337 1338 1357
b21a0000 1346 1347 1352 -1
10520013 1350 1351 1352 -1
02500013 1351 1352 1353 -1
92200000 1352 -1 -1 -1
10520013 1353 1354 1355 -1
65500001 1354 1355 1356 -1
2000fff5 1355 -1 -1 -1
66600001 1356 1357 -1 -1
3046000b 1357 -1 -1 -1
66600001 1359 1360 1361 1362
3046000b 1360 1362 1363 1364
91100000 1361 1362 1365 1366
72320000 1362 1363 1364 1367
4020fffc 1363 1365 1366 1368
66600001 1364 1366 1367 -1
3046000b 1365 1368 -1 -1
91100000 1366 1367 -1 -1
72320000 1367 -1 -1 -1
4020fffc 1368 -1 -1 -1
b21a0000 1370 1371 1376 1377
10520013 1371 1372 1373 1378
02500013 1372 1373 1390 1391
92200000 1373 1391 1394 1395
10520013 1374 1375 1376 1396
65500001 1375 1376 1377 1397
2000fff5 1376 -1 -1 1398
66600001 1377 1378 1379 1399
3046000b 1378 1380 1381 1400
91100000 1379 1380 1383 1401
72320000 1380 1381 1382 1402
4020fffc 1381 1383 1384 1403
b21a0000 1392 1393 1398 -1
10520013 1396 1397 1398 -1
02500013 1397 1398 1399 -1
92200000 1398 -1 -1 -1
10520013 1399 1400 1401 -1
65500001 1400 1401 1402 -1
2000fff5 1401 -1 -1 -1
66600001 1402 1403 -1 -1
3046000b 1403 -1 -1 -1
66600001 1405 1406 1407 1408
3046000b 1406 1408 1409 1410
91100000 1407 1408 1411 1412
72320000 1408 1409 1410 1413
4020fffc 1409 1411 1412 1414
66600001 1410 1412 1413 -1
3046000b 1411 1414 -1 -1
91100000 1412 1413 -1 -1
72320000 1413 -1 -1 -1
4020fffc 1414 -1 -1 -1
b21a0000 1416 1417 1422 1423
10520013 1417 1418 1419 1424
02500013 1418 1419 1436 1437
92200000 1419 1437 1440 1441
10520013 1420 1421 1422 1442
65500001 1421 1422 1423 1443
2000fff5 1422 -1 -1 1444
66600001 1423 1424 1425 1445
3046000b 1424 1426 1427 1446
91100000 1425 1426 1429 1447
72320000 1426 1427 1428 1448
4020fffc 1427 1429 1430 1449
b21a0000 1438 1439 1444 -1
10520013 1442 1443 1444 -1
02500013 1443 1444 1445 -1
92200000 1444 -1 -1 -1
10520013 1445 1446 1447 -1
65500001 1446 1447 1448 -1
2000fff5 1447 -1 -1 -1
66600001 1448 1449 -1 -1
3046000b 1449 -1 -1 -1
66600001 1451 1452 1453 1454
3046000b 1452 1454 1455 1456
91100000 1453 1454 1457 1458
72320000 1454 1455 1456 1459
4020fffc 1455 1457 1458 1460
66600001 1456 1458 1459 -1
3046000b 1457 1460 -1 -1
91100000 1458 1459 -1 -1
72320000 1459 -1 -1 -1
4020fffc 1460 -1 -1 -1
b21a0000 1462 1463 1468 1469
10520013 1463 1464 1465 1470
02500013 1464 1465 1482 1483
92200000 1465 1483 1486 1487
10520013 1466 1467 1468 1488
65500001 1467 1468 1469 1489
2000fff5 1468 -1 -1 1490
66600001 1469 1470 1471 1491
3046000b 1470 1472 1473 1492
91100000 1471 1472 1475 1493
72320000 1472 1473 1474 1494
4020fffc 1473 1475 1476 1495
b21a0000 1484 1485 1490 -1
10520013 1488 1489 1490 -1
02500013 1489 1490 1491 -1
92200000 1490 -1 -1 -1
10520013 1491 1492 1493 -1
65500001 1492 1493 1494 -1
2000fff5 1493 -1 -1 -1
66600001 1494 1495 -1 -1
3046000b 1495 -1 -1 -1
66600001 1497 1498 1499 1500
3046000b 1498 1500 1501 1502
91100000 1499 1500 1503 1504
72320000 1500 1501 1502 1505
4020fffc 1501 1503 1504 1506
66600001 1502 1504 1505 -1
3046000b 1503 1506 -1 -1
91100000 1504 1505 -1 -1
72320000 1505 -1 -1 -1
4020fffc 1506 -1 -1 -1
b21a0000 1508 1509 1514 1515
10520013 1509 1510 1511 1516
02500013 1510 1511 1528 1529
92200000 1511 1529 1532 1533
10520013 1512 1513 1514 1534
65500001 1513 1514 1515 1535
2000fff5 1514 -1 -1 1536
66600001 1515 1516 1517 1537
3046000b 1516 1518 1519 1538
91100000 1517 1518 1521 1539
72320000 1518 1519 1520 1540
4020fffc 1519 1521 1522 1541
b21a0000 1530 1531 1536 -1
10520013 1534 1535 1536 -1
02500013 1535 1536 1537 -1
92200000 1536 -1 -1 -1
10520013 1537 1538 1539 -1
65500001 1538 1539 1540 -1
2000fff5 1539 -1 -1 -1
66600001 1540 1541 -1 -1
3046000b 1541 -1 -1 -1
66600001 1543 1544 1545 1546
3046000b 1544 1546 1547 1548
91100000 1545 1546 1549 1550
72320000 1546 1547 1548 1551
4020fffc 1547 1549 1550 1552
66600001 1548 1550 1551 -1
3046000b 1549 1552 -1 -1
91100000 1550 1551 -1 -1
72320000 1551 -1 -1 -1
4020fffc 1552 -1 -1 -1
b21a0000 1554 1555 1560 1561
10520013 1555 1556 1557 1562
02500013 1556 1557 1574 1575
92200000 1557 1575 1578 1579
10520013 1558 1559 1560 1580
65500001 1559 1560 1561 1581
2000fff5 1560 -1 -1 1582
66600001 1561 1562 1563 1583
3046000b 1562 1564 1565 1584
91100000 1563 1564 1567 1585
72320000 1564 1565 1566 1586
4020fffc 1565 1567 1568 1587
b21a0000 1576 1577 1582 -1
10520013 1580 1581 1582 -1
02500013 1581 1582 1583 -1
92200000 1582 -1 -1 -1
10520013 1583 1584 1585 -1
65500001 1584 1585 1586 -1
2000fff5 1585 -1 -1 -1
66600001 1586 1587 -1 -1
3046000b 1587 -1 -1 -1
66600001 1589 1590 1591 1592
3046000b 1590 1592 1593 1594
91100000 1591 1592 1595 1596
72320000 1592 1593 1594 1597
4020fffc 1593 1595 1596 1598
66600001 1594 1596 1597 -1
3046000b 1595 1598 -1 -1
91100000 1596 1597 -1 -1
72320000 1597 -1 -1 -1
4020fffc 1598 -1 -1 -1
b21a0000 1600 1601 1606 1607
10520013 1601 1602 1603 1608
02500013 1602 1603 1620 1621
92200000 1603 1621 1624 1625
10520013 1604 1605 1606 1626
65500001 1605 1606 1607 1627
2000fff5 1606 -1 -1 1628
66600001 1607 1608 1609 1629
3046000b 1608 1610 1611 1630
91100000 1609 1610 1613 1631
72320000 1610 1611 1612 1632
4020fffc 1611 1613 1614 1633
b21a0000 1622 1623 1628 -1
10520013 1626 1627 1628 -1
02500013 1627 1628 1629 -1
92200000 1628 -1 -1 -1
10520013 1629 1630 1631 -1
65500001 1630 1631 1632 -1
2000fff5 1631 -1 -1 -1
66600001 1632 1633 -1 -1
3046000b 1633 -1 -1 -1
66600001 1635 1636 1637 1638
3046000b 1636 1638 1639 1640
91100000 1637 1638 1641 1642
72320000 1638 1639 1640 1643
4020fffc 1639 1641 1642 1644
66600001 1640 1642 1643 -1
3046000b 1641 1644 -1 -1
91100000 1642 1643 -1 -1
72320000 1643 -1 -1 -1
4020fffc 1644 -1 -1 -1
b21a0000 1646 1647 1652 1653
10520013 1647 1648 1649 1654
02500013 1648 1649 1666 1667
92200000 1649 1667 1670 1671
10520013 1650 1651 1652 1672
65500001 1651 1652 1653 1673
2000fff5 1652 -1 -1 1674
66600001 1653 1654 1655 1675
3046000b 1654 1656 1657 1676
91100000 1655 1656 1659 1677
72320000 1656 1657 1658 1678
4020fffc 1657 1659 1660 1679
b21a0000 1668 1669 1674 -1
10520013 1672 1673 1674 -1
02500013 1673 1674 1675 -1
92200000 1674 -1 -1 -1
10520013 1675 1676 1677 -1
65500001 1676 1677 1678 -1
2000fff5 1677 -1 -1 -1
66600001 1678 1679 -1 -1
3046000b 1679 -1 -1 -1
66600001 1681 1682 1683 1684
3046000b 1682 1684 1685 1686
91100000 1683 1684 1687 1688
72320000 1684 1685 1686 1689
4020fffc 1685 1687 1688 1690
66600001 1686 1688 1689 -1
3046000b 1687 1690 -1 -1
91100000 1688 1689 -1 -1
72320000 1689 -1 -1 -1
4020fffc 1690 -1 -1 -1
b21a0000 1692 1693 1698 1699
10520013 1693 1694 1695 1700
02500013 1694 1695 1712 1713
92200000 1695 1713 1716 1717
10520013 1696 1697 1698 1718
65500001 1697 1698 1699 1719
2000fff5 1698 -1 -1 1720
66600001 1699 1700 1701 1721
3046000b 1700 1702 1703 1722
91100000 1701 1702 1705 1723
72320000 1702 1703 1704 1724
4020fffc 1703 1705 1706 1725
b21a0000 1714 1715 1720 -1
10520013 1718 1719 1720 -1
02500013 1719 1720 1721 -1
92200000 1720 -1 -1 -1
10520013 1721 1722 1723 -1
65500001 1722 1723 1724 -1
2000fff5 1723 -1 -1 -1
66600001 1724 1725 -1 -1
3046000b 1725 -1 -1 -1
66600001 1727 1728 1729 1730
3046000b 1728 1730 1731 1732
91100000 1729 1730 1733 1734
72320000 1730 1731 1732 1735
4020fffc 1731 1733 1734 1736
66600001 1732 1734 1735 -1
3046000b 1733 1736 -1 -1
91100000 1734 1735 -1 -1
72320000 1735 -1 -1 -1
4020fffc 1736 -1 -1 -1
b21a0000 1738 1739 1744 1745
10520013 1739 1740 1741 1746
02500013 1740 1741 1758 1759
92200000 1741 1759 1762 1763
10520013 1742 1743 1744 1764
65500001 1743 1744 1745 1765
2000fff5 1744 -1 -1 1766
66600001 1745 1746 1747 1767
3046000b 1746 1748 1749 1768
91100000 1747 1748 1751 1769
72320000 1748 1749 1750 1770
4020fffc 1749 1751 1752 1771
b21a0000 1760 1761 1766 -1
10520013 1764 1765 1766 -1
02500013 1765 1766 1767 -1
92200000 1766 -1 -1 -1
10520013 1767 1768 1769 -1
65500001 1768 1769 1770 -1
2000fff5 1769 -1 -1 -1
66600001 1770 1771 -1 -1
3046000b 1771 -1 -1 -1
66600001 1773 1774 1775 1776
3046000b 1774 1776 1777 1778
91100000 1775 1776 1779 1780
72320000 1776 1777 1778 1781
4020fffc 1777 1779 1780 1782
66600001 1778 1780 1781 -1
3046000b 1779 1782 -1 -1
91100000 1780 1781 -1 -1
72320000 1781 -1 -1 -1
4020fffc 1782 -1 -1 -1
b21a0000 1784 1785 1790 1791
10520013 1785 1786 1787 1792
02500013 1786 1787 1804 1805
92200000 1787 1805 1808 1809
10520013 1788 1789 1790 1810
65500001 1789 1790 1791 1811
2000fff5 1790 -1 -1 1812
66600001 1791 1792 1793 1813
3046000b 1792 1794 1795 1814
91100000 1793 1794 1797 1815
72320000 1794 1795 1796 1816
4020fffc 1795 1797 1798 1817
b21a0000 1806 1807 1812 -1
10520013 1810 1811 1812 -1
02500013 1811 1812 1813 -1
92200000 1812 -1 -1 -1
10520013 1813 1814 1815 -1
65500001 1814 1815 1816 -1
2000fff5 1815 -1 -1 -1
66600001 1816 1817 -1 -1
3046000b 1817 -1 -1 -1
66600001 1819 1820 1821 1822
3046000b 1820 1822 1823 1824
91100000 1821 1822 1825 1826
72320000 1822 1823 1824 1827
4020fffc 1823 1825 1826 1828
66600001 1824 1826 1827 -1
3046000b 1825 1828 -1 -1
91100000 1826 1827 -1 -1
72320000 1827 -1 -1 -1
4020fffc 1828 -1 -1 -1
b21a0000 1830 1831 1836 1837
10520013 1831 1832 1833 1838
02500013 1832 1833 1850 1851
92200000 1833 1851 1854 1855
10520013 1834 1835 1836 1856
65500001 1835 1836 1837 1857
2000fff5 1836 -1 -1 1858
66600001 1837 1838 1839 1859
3046000b 1838 1840 1841 1860
91100000 1839 1840 1843 1861
72320000 1840 1841 1842 1862
4020fffc 1841 1843 1844 1863
b21a0000 1852 1853 1858 -1
10520013 1856 1857 1858 -1
02500013 1857 1858 1859 -1
92200000 1858 -1 -1 -1
10520013 1859 1860 1861 -1
65500001 1860 1861 1862 -1
2000fff5 1861 -1 -1 -1
66600001 1862 1863 -1 -1
3046000b 1863 -1 -1 -1
66600001 1865 1866 1867 1868
3046000b 1866 1868 1869 1870
91100000 1867 1868 1871 1872
72320000 1868 1869 1870 1873
4020fffc 1869 1871 1872 1874
66600001 1870 1872 1873 -1
3046000b 1871 1874 -1 -1
91100000 1872 1873 -1 -1
72320000 1873 -1 -1 -1
4020fffc 1874 -1 -1 -1
b21a0000 1876 1877 1882 1883
10520013 1877 1878 1879 1884
02500013 1878 1879 1896 1897
92200000 1879 1897 1900 1901
10520013 1880 1881 1882 1902
65500001 1881 1882 1883 1903
2000fff5 1882 -1 -1 1904
66600001 1883 1884 1885 1905
3046000b 1884 1886 1887 1906
91100000 1885 1886 1889 1907
72320000 1886 1887 1888 1908
4020fffc 1887 1889 1890 1909
b21a0000 1898 1899 1904 -1
10520013 1902 1903 1904 -1
02500013 1903 1904 1905 -1
92200000 1904 -1 -1 -1
10520013 1905 1906 1907 -1
65500001 1906 1907 1908 -1
2000fff5 1907 -1 -1 -1
66600001 1908 1909 -1 -1
3046000b 1909 -1 -1 -1
66600001 1911 1912 1913 1914
3046000b 1912 1914 1915 1916
91100000 1913 1914 1917 1918
72320000 1914 1915 1916 1919
4020fffc 1915 1917 1918 1920
66600001 1916 1918 1919 -1
3046000b 1917 1920 -1 -1
91100000 1918 1919 -1 -1
72320000 1919 -1 -1 -1
4020fffc 1920 -1 -1 -1
b21a0000 1922 1923 1928 1929
10520013 1923 1924 1925 1930
02500013 1924 1925 1942 1943
92200000 1925 1943 1946 1947
10520013 1926 1927 1928 1948
65500001 1927 1928 1929 1949
2000fff5 1928 -1 -1 1950
66600001 1929 1930 1931 1951
3046000b 1930 1932 1933 1952
91100000 1931 1932 1935 1953
72320000 1932 1933 1934 1954
4020fffc 1933 1935 1936 1955
b21a0000 1944 1945 1950 -1
10520013 1948 1949 1950 -1
02500013 1949 1950 1951 -1
92200000 1950 -1 -1 -1
10520013 1951 1952 1953 -1
65500001 1952 1953 1954 -1
2000fff5 1953 -1 -1 -1
66600001 1954 1955 -1 -1
3046000b 1955 -1 -1 -1
66600001 1957 1958 1959 1960
3046000b 1958 1960 1961 1962
91100000 1959 1960 1963 1964
72320000 1960 1961 1962 1965
4020fffc 1961 1963 1964 1966
66600001 1962 1964 1965 -1
3046000b 1963 1966 -1 -1
91100000 1964 1965 -1 -1
72320000 1965 -1 -1 -1
4020fffc 1966 -1 -1 -1
b21a0000 1968 1969 1974 1975
10520013 1969 1970 1971 1976
02500013 1970 1971 1988 1989
92200000 1971 1989 1992 1993
10520013 1972 1973 1974 1994
65500001 1973 1974 1975 1995
2000fff5 1974 -1 -1 1996
66600001 1975 1976 1977 1997
3046000b 1976 1978 1979 1998
91100000 1977 1978 1981 1999
72320000 1978 1979 1980 2000
4020fffc 1979 1981 1982 2001
b21a0000 1990 1991 1996 -1
10520013 1994 1995 1996 -1
02500013 1995 1996 1997 -1
92200000 1996 -1 -1 -1
10520013 1997 1998 1999 -1
65500001 1998 1999 2000 -1
2000fff5 1999 -1 -1 -1
66600001 2000 2001 -1 -1
3046000b 2001 -1 -1 -1
66600001 2003 2004 2005 2006
3046000b 2004 2006 2007 2008
91100000 2005 2006 2009 2010
72320000 2006 2007 2008 2011
4020fffc 2007 2009 2010 2012
66600001 2008 2010 2011 -1
3046000b 2009 2012 -1 -1
91100000 2010 2011 -1 -1
72320000 2011 -1 -1 -1
4020fffc 2012 -1 -1 -1
b21a0000 2014 2015 2020 2021
10520013 2015 2016 2017 2022
02500013 2016 2017 2034 2035
92200000 2017 2035 2038 2039
10520013 2018 2019 2020 2040
65500001 2019 2020 2021 2041
2000fff5 2020 -1 -1 2042
66600001 2021 2022 2023 2043
3046000b 2022 2024 2025 2044
91100000 2023 2024 2027 2045
72320000 2024 2025 2026 2046
4020fffc 2025 2027 2028 2047
b21a0000 2036 2037 2042 -1
10520013 2040 2041 2042 -1
02500013 2041 2042 2043 -1
92200000 2042 -1 -1 -1
10520013 2043 2044 2045 -1
65500001 2044 2045 2046 -1
2000fff5 2045 -1 -1 -1
66600001 2046 2047 -1 -1
3046000b 2047 -1 -1 -1
66600001 2049 2050 2051 2052
3046000b 2050 2052 2053 2054
91100000 2051 2052 2055 2056
72320000 2052 2053 2054 2057
4020fffc 2053 2055 2056 2058
66600001 2054 2056 2057 -1
3046000b 2055 2058 -1 -1
91100000 2056 2057 -1 -1
72320000 2057 -1 -1 -1
4020fffc 2058 -1 -1 -1
b21a0000 2060 2061 2066 2067
10520013 2061 2062 2063 2068
02500013 2062 2063 2080 2081
92200000 2063 2081 2084 2085
10520013 2064 2065 2066 2086
65500001 2065 2066 2067 2087
2000fff5 2066 -1 -1 2088
66600001 2067 2068 2069 2089
3046000b 2068 2070 2071 2090
91100000 2069 2070 2073 2091
72320000 2070 2071 2072 2092
4020fffc 2071 2073 2074 2093
b21a0000 2082 2083 2088 -1
10520013 2086 2087 2088 -1
02500013 2087 2088 2089 -1
92200000 2088 -1 -1 -1
10520013 2089 2090 2091 -1
65500001 2090 2091 2092 -1
2000fff5 2091 -1 -1 -1
66600001 2092 2093 -1 -1
3046000b 2093 -1 -1 -1
66600001 2095 2096 2097 2098
3046000b 2096 2098 2099 2100
91100000 2097 2098 2101 2102
72320000 2098 2099 2100 2103
4020fffc 2099 2101 2102 2104
66600001 2100 2102 2103 -1
3046000b 2101 2104 -1 -1
91100000 2102 2103 -1 -1
72320000 2103 -1 -1 -1
4020fffc 2104 -1 -1 -1
b21a0000 2106 2107 2112 2113
10520013 2107 2108 2109 2114
02500013 2108 2109 2126 2127
92200000 2109 2127 2130 2131
10520013 2110 2111 2112 2132
65500001 2111 2112 2113 2133
2000fff5 2112 -1 -1 2134
66600001 2113 2114 2115 2135
3046000b 2114 2116 2117 2136
91100000 2115 2116 2119 2137
72320000 2116 2117 2118 2138
4020fffc 2117 2119 2120 2139
b21a0000 2128 2129 2134 -1
10520013 2132 2133 2134 -1
02500013 2133 2134 2135 -1
92200000 2134 -1 -1 -1
10520013 2135 2136 2137 -1
65500001 2136 2137 2138 -1
2000fff5 2137 -1 -1 -1
66600001 2138 2139 -1 -1
3046000b 2139 -1 -1 -1
66600001 2141 2142 2143 2144
3046000b 2142 2144 2145 2146
91100000 2143 2144 2147 2148
72320000 2144 2145 2146 2149
4020fffc 2145 2147 2148 2150
66600001 2146 2148 2149 -1
3046000b 2147 2150 -1 -1
91100000 2148 2149 -1 -1
72320000 2149 -1 -1 -1
4020fffc 2150 -1 -1 -1
b21a0000 2152 2153 2158 2159
10520013 2153 2154 2155 2160
02500013 2154 2155 2172 2173
92200000 2155 2173 2176 2177
10520013 2156 2157 2158 2178
65500001 2157 2158 2159 2179
2000fff5 2158 -1 -1 2180
66600001 2159 2160 2161 2181
3046000b 2160 2162 2163 2182
91100000 2161 2162 2165 2183
72320000 2162 2163 2164 2184
4020fffc 2163 2165 2166 2185
b21a0000 2174 2175 2180 -1
10520013 2178 2179 2180 -1
02500013 2179 2180 2181 -1
92200000 2180 -1 -1 -1
10520013 2181 2182 2183 -1
65500001 2182 2183 2184 -1
2000fff5 2183 -1 -1 -1
66600001 2184 2185 -1 -1
3046000b 2185 -1 -1 -1
66600001 2187 2188 2189 2190
3046000b 2188 2190 2191 2192
91100000 2189 2190 2193 2194
72320000 2190 2191 2192 2195
4020fffc 2191 2193 2194 2196
66600001 2192 2194 2195 -1
3046000b 2193 2196 -1 -1
91100000 2194 2195 -1 -1
72320000 2195 -1 -1 -1
4020fffc 2196 -1 -1 -1
b21a0000 2198 2199 2204 2205
10520013 2199 2200 2201 2206
02500013 2200 2201 2218 2219
92200000 2201 2219 2222 2223
10520013 2202 2203 2204 2224
65500001 2203 2204 2205 2225
2000fff5 2204 -1 -1 2226
66600001 2205 2206 2207 2227
3046000b 2206 2208 2209 2228
91100000 2207 2208 2211 2229
72320000 2208 2209 2210 2230
4020fffc 2209 2211 2212 2231
b21a0000 2220 2221 2226 -1
10520013 2224 2225 2226 -1
02500013 2225 2226 2227 -1
92200000 2226 -1 -1 -1
10520013 2227 2228 2229 -1
65500001 2228 2229 2230 -1
2000fff5 2229 -1 -1 -1
66600001 2230 2231 -1 -1
3046000b 2231 -1 -1 -1
66600001 2233 2234 2235 2236
3046000b 2234 2236 2237 2238
91100000 2235 2236 2239 2240
72320000 2236 2237 2238 2241
4020fffc 2237 2239 2240 2242
66600001 2238 2240 2241 -1
3046000b 2239 2242 -1 -1
91100000 2240 2241 -1 -1
72320000 2241 -1 -1 -1
4020fffc 2242 -1 -1 -1
b21a0000 2244 2245 2250 2251
10520013 2245 2246 2247 2252
02500013 2246 2247 2264 2265
92200000 2247 2265 2268 2269
10520013 2248 2249 2250 2270
65500001 2249 2250 2251 2271
2000fff5 2250 -1 -1 2272
66600001 2251 2252 2253 2273
3046000b 2252 2254 2255 2274
91100000 2253 2254 2257 2275
72320000 2254 2255 2256 2276
4020fffc 2255 2257 2258 2277
b21a0000 2266 2267 2272 -1
10520013 2270 2271 2272 -1
02500013 2271 2272 2273 -1
92200000 2272 -1 -1 -1
10520013 2273 2274 2275 -1
65500001 2274 2275 2276 -1
2000fff5 2275 -1 -1 -1
66600001 2276 2277 -1 -1
3046000b 2277 -1 -1 -1
66600001 2279 2280 2281 2282
3046000b 2280 2282 2283 2284
91100000 2281 2282 -1 -1
72320000 2282 2283 2284 -1
4020fffc 2283 -1 -1 -1
66600001 2284 -1 -1 -1
c0000000 2286 -1 -1 2287
