66000001 1 2 3 4
96010000 2 3 5 6
63000000 3 4 5 7
6400000b 4 5 6 8
62000001 5 6 7 9
92010000 6 7 9 10
b5620000 7 10 18 19
10350010 8 9 10 20
63300001 9 10 11 21
62200001 10 11 12 22
92210000 11 12 14 23
4024fffb 12 13 14 24
66600001 13 14 15 -1
96610000 14 15 17 -1
4064fff6 20 21 22 -1
c0000000 21 -1 -1 -1
00000000 22 23 24 -1
00000000 23 24 -1 -1
b5620000 26 27 35 36
10350010 27 28 29 37
63300001 28 29 30 38
62200001 29 30 31 39
92210000 30 31 33 40
4024fffb 31 32 33 41
b5620000 32 34 42 43
10350010 33 34 35 44
63300001 37 38 39 45
62200001 38 39 40 46
92210000 39 40 42 47
4024fffb 40 41 42 48
b5620000 41 43 51 52
10350010 49 50 51 53
63300001 50 51 52 54
62200001 51 52 53 55
92210000 52 53 55 56
4024fffb 53 54 55 57
b5620000 54 56 64 65
10350010 56 57 58 66
63300001 57 58 59 67
62200001 58 59 60 68
92210000 59 60 62 69
4024fffb 60 61 62 70
b5620000 61 63 71 72
10350010 65 66 67 73
63300001 66 67 68 74
62200001 67 68 69 75
92210000 68 69 71 76
4024fffb 69 70 71 77
b5620000 70 72 80 81
10350010 78 79 80 82
63300001 79 80 81 83
62200001 80 81 82 84
92210000 81 82 84 85
4024fffb 82 83 84 86
b5620000 83 85 93 94
10350010 85 86 87 95
63300001 86 87 88 96
62200001 87 88 89 97
92210000 88 89 91 98
4024fffb 89 90 91 99
b5620000 90 92 100 101
10350010 94 95 96 102
63300001 95 96 97 103
62200001 96 97 98 104
92210000 97 98 100 105
4024fffb 98 99 100 106
b5620000 99 101 109 110
10350010 107 108 109 111
63300001 108 109 110 112
62200001 109 110 111 113
92210000 110 111 113 114
4024fffb 111 112 113 115
b5620000 112 114 -1 -1
10350010 114 115 -1 -1
63300001 115 -1 -1 -1
66600001 117 118 119 120
96610000 118 119 121 122
4064fff6 119 120 121 123
c0000000 120 -1 -1 -1
3f800000 121 122 123 -1
40000000 122 123 -1 -1
40400000 123 -1 -1 -1
62000001 125 126 127 128
92010000 126 127 129 130
b5620000 127 130 138 139
10350010 128 129 130 140
63300001 129 130 131 141
62200001 130 131 132 142
92210000 131 132 134 143
4024fffb 132 133 134 144
66600001 133 134 135 -1
96610000 134 135 137 -1
4064fff6 140 141 142 -1
62000001 141 142 143 -1
92010000 142 143 -1 -1
b5620000 143 -1 -1 -1
10350010 144 -1 -1 -1
b5620000 146 147 155 156
10350010 147 148 149 157
63300001 148 149 150 158
62200001 149 150 151 159
92210000 150 151 153 160
4024fffb 151 152 153 161
b5620000 152 154 162 163
10350010 153 154 155 164
63300001 157 158 159 165
62200001 158 159 160 166
92210000 159 160 162 167
4024fffb 160 161 162 168
b5620000 161 163 171 172
10350010 169 170 171 173
63300001 170 171 172 174
62200001 171 172 173 175
92210000 172 173 175 176
4024fffb 173 174 175 177
b5620000 174 176 184 185
10350010 176 177 178 186
63300001 177 178 179 187
62200001 178 179 180 188
92210000 179 180 182 189
4024fffb 180 181 182 190
b5620000 181 183 191 192
10350010 185 186 187 193
63300001 186 187 188 194
62200001 187 188 189 195
92210000 188 189 191 196
4024fffb 189 190 191 197
b5620000 190 192 200 201
10350010 198 199 200 202
63300001 199 200 201 203
62200001 200 201 202 204
92210000 201 202 204 205
4024fffb 202 203 204 206
b5620000 203 205 213 214
10350010 205 206 207 215
63300001 206 207 208 216
62200001 207 208 209 217
92210000 208 209 211 218
4024fffb 209 210 211 219
b5620000 210 212 220 221
10350010 214 215 216 222
63300001 215 216 217 223
62200001 216 217 218 224
92210000 217 218 220 225
4024fffb 218 219 220 226
b5620000 219 221 229 230
10350010 227 228 229 231
63300001 228 229 230 232
62200001 229 230 231 233
92210000 230 231 233 234
4024fffb 231 232 233 235
b5620000 232 234 -1 -1
10350010 234 235 -1 -1
63300001 235 -1 -1 -1
66600001 237 238 239 240
96610000 238 239 241 242
4064fff6 239 240 241 243
62000001 240 241 242 244
92010000 241 242 244 245
b5620000 242 245 253 254
10350010 243 244 245 255
63300001 244 245 246 256
62200001 245 246 247 257
92210000 246 247 249 258
4024fffb 247 248 249 259
66600001 248 249 250 -1
96610000 249 250 252 -1
4064fff6 255 256 257 -1
62000001 256 257 258 -1
92010000 257 258 -1 -1
b5620000 258 -1 -1 -1
10350010 259 -1 -1 -1
b5620000 261 262 270 271
10350010 262 263 264 272
63300001 263 264 265 273
62200001 264 265 266 274
92210000 265 266 268 275
4024fffb 266 267 268 276
b5620000 267 269 277 278
10350010 268 269 270 279
63300001 272 273 274 280
62200001 273 274 275 281
92210000 274 275 277 282
4024fffb 275 276 277 283
b5620000 276 278 286 287
10350010 284 285 286 288
63300001 285 286 287 289
62200001 286 287 288 290
92210000 287 288 290 291
4024fffb 288 289 290 292
b5620000 289 291 299 300
10350010 291 292 293 301
63300001 292 293 294 302
62200001 293 294 295 303
92210000 294 295 297 304
4024fffb 295 296 297 305
b5620000 296 298 306 307
10350010 300 301 302 308
63300001 301 302 303 309
62200001 302 303 304 310
92210000 303 304 306 311
4024fffb 304 305 306 312
b5620000 305 307 315 316
10350010 313 314 315 317
63300001 314 315 316 318
62200001 315 316 317 319
92210000 316 317 319 320
4024fffb 317 318 319 321
b5620000 318 320 328 329
10350010 320 321 322 330
63300001 321 322 323 331
62200001 322 323 324 332
92210000 323 324 326 333
4024fffb 324 325 326 334
b5620000 325 327 335 336
10350010 329 330 331 337
63300001 330 331 332 338
62200001 331 332 333 339
92210000 332 333 335 340
4024fffb 333 334 335 341
b5620000 334 336 344 345
10350010 342 343 344 346
63300001 343 344 345 347
62200001 344 345 346 348
92210000 345 346 348 349
4024fffb 346 347 348 350
b5620000 347 349 -1 -1
10350010 349 350 -1 -1
63300001 350 -1 -1 -1
66600001 352 353 354 355
96610000 353 354 356 357
4064fff6 354 355 356 358
62000001 355 356 357 359
92010000 356 357 359 360
b5620000 357 360 368 369
10350010 358 359 360 370
63300001 359 360 361 371
62200001 360 361 362 372
92210000 361 362 364 373
4024fffb 362 363 364 374
66600001 363 364 365 -1
96610000 364 365 367 -1
4064fff6 370 371 372 -1
62000001 371 372 373 -1
92010000 372 373 -1 -1
b5620000 373 -1 -1 -1
10350010 374 -1 -1 -1
b5620000 376 377 385 386
10350010 377 378 379 387
63300001 378 379 380 388
62200001 379 380 381 389
92210000 380 381 383 390
4024fffb 381 382 383 391
b5620000 382 384 392 393
10350010 383 384 385 394
63300001 387 388 389 395
62200001 388 389 390 396
92210000 389 390 392 397
4024fffb 390 391 392 398
b5620000 391 393 401 402
10350010 399 400 401 403
63300001 400 401 402 404
62200001 401 402 403 405
92210000 402 403 405 406
4024fffb 403 404 405 407
b5620000 404 406 414 415
10350010 406 407 408 416
63300001 407 408 409 417
62200001 408 409 410 418
92210000 409 410 412 419
4024fffb 410 411 412 420
b5620000 411 413 421 422
10350010 415 416 417 423
63300001 416 417 418 424
62200001 417 418 419 425
92210000 418 419 421 426
4024fffb 419 420 421 427
b5620000 420 422 430 431
10350010 428 429 430 432
63300001 429 430 431 433
62200001 430 431 432 434
92210000 431 432 434 435
4024fffb 432 433 434 436
b5620000 433 435 443 444
10350010 435 436 437 445
63300001 436 437 438 446
62200001 437 438 439 447
92210000 438 439 441 448
4024fffb 439 440 441 449
b5620000 440 442 450 451
10350010 444 445 446 452
63300001 445 446 447 453
62200001 446 447 448 454
92210000 447 448 450 455
4024fffb 448 449 450 456
b5620000 449 451 459 460
10350010 457 458 459 461
63300001 458 459 460 462
62200001 459 460 461 463
92210000 460 461 463 464
4024fffb 461 462 463 465
b5620000 462 464 -1 -1
10350010 464 465 -1 -1
63300001 465 -1 -1 -1
66600001 467 468 469 470
96610000 468 469 471 472
4064fff6 469 470 471 473
62000001 470 471 472 474
92010000 471 472 474 475
b5620000 472 475 483 484
10350010 473 474 475 485
63300001 474 475 476 486
62200001 475 476 477 487
92210000 476 477 479 488
4024fffb 477 478 479 489
66600001 478 479 480 -1
96610000 479 480 482 -1
4064fff6 485 486 487 -1
62000001 486 487 488 -1
92010000 487 488 -1 -1
b5620000 488 -1 -1 -1
10350010 489 -1 -1 -1
b5620000 491 492 500 501
10350010 492 493 494 502
63300001 493 494 495 503
62200001 494 495 496 504
92210000 495 496 498 505
4024fffb 496 497 498 506
b5620000 497 499 507 508
10350010 498 499 500 509
63300001 502 503 504 510
62200001 503 504 505 511
92210000 504 505 507 512
4024fffb 505 506 507 513
b5620000 506 508 516 517
10350010 514 515 516 518
63300001 515 516 517 519
62200001 516 517 518 520
92210000 517 518 520 521
4024fffb 518 519 520 522
b5620000 519 521 529 530
10350010 521 522 523 531
63300001 522 523 524 532
62200001 523 524 525 533
92210000 524 525 527 534
4024fffb 525 526 527 535
b5620000 526 528 536 537
10350010 530 531 532 538
63300001 531 532 533 539
62200001 532 533 534 540
92210000 533 534 536 541
4024fffb 534 535 536 542
b5620000 535 537 545 546
10350010 543 544 545 547
63300001 544 545 546 548
62200001 545 546 547 549
92210000 546 547 549 550
4024fffb 547 548 549 551
b5620000 548 550 558 559
10350010 550 551 552 560
63300001 551 552 553 561
62200001 552 553 554 562
92210000 553 554 556 563
4024fffb 554 555 556 564
b5620000 555 557 565 566
10350010 559 560 561 567
63300001 560 561 562 568
62200001 561 562 563 569
92210000 562 563 565 570
4024fffb 563 564 565 571
b5620000 564 566 574 575
10350010 572 573 574 576
63300001 573 574 575 577
62200001 574 575 576 578
92210000 575 576 578 579
4024fffb 576 577 578 580
b5620000 577 579 -1 -1
10350010 579 580 -1 -1
63300001 580 -1 -1 -1
66600001 582 583 584 585
96610000 583 584 586 587
4064fff6 584 585 586 588
62000001 585 586 587 589
92010000 586 587 589 590
b5620000 587 590 598 599
10350010 588 589 590 600
63300001 589 590 591 601
62200001 590 591 592 602
92210000 591 592 594 603
4024fffb 592 593 594 604
66600001 593 594 595 -1
96610000 594 595 597 -1
4064fff6 600 601 602 -1
62000001 601 602 603 -1
92010000 602 603 -1 -1
b5620000 603 -1 -1 -1
10350010 604 -1 -1 -1
b5620000 606 607 615 616
10350010 607 608 609 617
63300001 608 609 610 618
62200001 609 610 611 619
92210000 610 611 613 620
4024fffb 611 612 613 621
b5620000 612 614 622 623
10350010 613 614 615 624
63300001 617 618 619 625
62200001 618 619 620 626
92210000 619 620 622 627
4024fffb 620 621 622 628
b5620000 621 623 631 632
10350010 629 630 631 633
63300001 630 631 632 634
62200001 631 632 633 635
92210000 632 633 635 636
4024fffb 633 634 635 637
b5620000 634 636 644 645
10350010 636 637 638 646
63300001 637 638 639 647
62200001 638 639 640 648
92210000 639 640 642 649
4024fffb 640 641 642 650
b5620000 641 643 651 652
10350010 645 646 647 653
63300001 646 647 648 654
62200001 647 648 649 655
92210000 648 649 651 656
4024fffb 649 650 651 657
b5620000 650 652 660 661
10350010 658 659 660 662
63300001 659 660 661 663
62200001 660 661 662 664
92210000 661 662 664 665
4024fffb 662 663 664 666
b5620000 663 665 673 674
10350010 665 666 667 675
63300001 666 667 668 676
62200001 667 668 669 677
92210000 668 669 671 678
4024fffb 669 670 671 679
b5620000 670 672 680 681
10350010 674 675 676 682
63300001 675 676 677 683
62200001 676 677 678 684
92210000 677 678 680 685
4024fffb 678 679 680 686
b5620000 679 681 689 690
10350010 687 688 689 691
63300001 688 689 690 692
62200001 689 690 691 693
92210000 690 691 693 694
4024fffb 691 692 693 695
b5620000 692 694 -1 -1
10350010 694 695 -1 -1
63300001 695 -1 -1 -1
66600001 697 698 699 700
96610000 698 699 701 702
4064fff6 699 700 701 703
62000001 700 701 702 704
92010000 701 702 704 705
b5620000 702 705 713 714
10350010 703 704 705 715
63300001 704 705 706 716
62200001 705 706 707 717
92210000 706 707 709 718
4024fffb 707 708 709 719
66600001 708 709 710 -1
96610000 709 710 712 -1
4064fff6 715 716 717 -1
62000001 716 717 718 -1
92010000 717 718 -1 -1
b5620000 718 -1 -1 -1
10350010 719 -1 -1 -1
b5620000 721 722 730 731
10350010 722 723 724 732
63300001 723 724 725 733
62200001 724 725 726 734
92210000 725 726 728 735
4024fffb 726 727 728 736
b5620000 727 729 737 738
10350010 728 729 730 739
63300001 732 733 734 740
62200001 733 734 735 741
92210000 734 735 737 742
4024fffb 735 736 737 743
b5620000 736 738 746 747
10350010 744 745 746 748
63300001 745 746 747 749
62200001 746 747 748 750
92210000 747 748 750 751
4024fffb 748 749 750 752
b5620000 749 751 759 760
10350010 751 752 753 761
63300001 752 753 754 762
62200001 753 754 755 763
92210000 754 755 757 764
4024fffb 755 756 757 765
b5620000 756 758 766 767
10350010 760 761 762 768
63300001 761 762 763 769
62200001 762 763 764 770
92210000 763 764 766 771
4024fffb 764 765 766 772
b5620000 765 767 775 776
10350010 773 774 775 777
63300001 774 775 776 778
62200001 775 776 777 779
92210000 776 777 779 780
4024fffb 777 778 779 781
b5620000 778 780 788 789
10350010 780 781 782 790
63300001 781 782 783 791
62200001 782 783 784 792
92210000 783 784 786 793
4024fffb 784 785 786 794
b5620000 785 787 795 796
10350010 789 790 791 797
63300001 790 791 792 798
62200001 791 792 793 799
92210000 792 793 795 800
4024fffb 793 794 795 801
b5620000 794 796 804 805
10350010 802 803 804 806
63300001 803 804 805 807
62200001 804 805 806 808
92210000 805 806 808 809
4024fffb 806 807 808 810
b5620000 807 809 -1 -1
10350010 809 810 -1 -1
63300001 810 -1 -1 -1
66600001 812 813 814 815
96610000 813 814 816 817
4064fff6 814 815 816 818
62000001 815 816 817 819
92010000 816 817 819 820
b5620000 817 820 828 829
10350010 818 819 820 830
63300001 819 820 821 831
62200001 820 821 822 832
92210000 821 822 824 833
4024fffb 822 823 824 834
66600001 823 824 825 -1
96610000 824 825 827 -1
4064fff6 830 831 832 -1
62000001 831 832 833 -1
92010000 832 833 -1 -1
b5620000 833 -1 -1 -1
10350010 834 -1 -1 -1
b5620000 836 837 845 846
10350010 837 838 839 847
63300001 838 839 840 848
62200001 839 840 841 849
92210000 840 841 843 850
4024fffb 841 842 843 851
b5620000 842 844 852 853
10350010 843 844 845 854
63300001 847 848 849 855
62200001 848 849 850 856
92210000 849 850 852 857
4024fffb 850 851 852 858
b5620000 851 853 861 862
10350010 859 860 861 863
63300001 860 861 862 864
62200001 861 862 863 865
92210000 862 863 865 866
4024fffb 863 864 865 867
b5620000 864 866 874 875
10350010 866 867 868 876
63300001 867 868 869 877
62200001 868 869 870 878
92210000 869 870 872 879
4024fffb 870 871 872 880
b5620000 871 873 881 882
10350010 875 876 877 883
63300001 876 877 878 884
62200001 877 878 879 885
92210000 878 879 881 886
4024fffb 879 880 881 887
b5620000 880 882 890 891
10350010 888 889 890 892
63300001 889 890 891 893
62200001 890 891 892 894
92210000 891 892 894 895
4024fffb 892 893 894 896
b5620000 893 895 903 904
10350010 895 896 897 905
63300001 896 897 898 906
62200001 897 898 899 907
92210000 898 899 901 908
4024fffb 899 900 901 909
b5620000 900 902 910 911
10350010 904 905 906 912
63300001 905 906 907 913
62200001 906 907 908 914
92210000 907 908 910 915
4024fffb 908 909 910 916
b5620000 909 911 919 920
10350010 917 918 919 921
63300001 918 919 920 922
62200001 919 920 921 923
92210000 920 921 923 924
4024fffb 921 922 923 925
b5620000 922 924 -1 -1
10350010 924 925 -1 -1
63300001 925 -1 -1 -1
66600001 927 928 929 930
96610000 928 929 931 932
4064fff6 929 930 931 933
62000001 930 931 932 934
92010000 931 932 934 935
b5620000 932 935 943 944
10350010 933 934 935 945
63300001 934 935 936 946
62200001 935 936 937 947
92210000 936 937 939 948
4024fffb 937 938 939 949
66600001 938 939 940 -1
96610000 939 940 942 -1
4064fff6 945 946 947 -1
62000001 946 947 948 -1
92010000 947 948 -1 -1
b5620000 948 -1 -1 -1
10350010 949 -1 -1 -1
b5620000 951 952 960 961
10350010 952 953 954 962
63300001 953 954 955 963
62200001 954 955 956 964
92210000 955 956 958 965
4024fffb 956 957 958 966
b5620000 957 959 967 968
10350010 958 959 960 969
63300001 962 963 964 970
62200001 963 964 965 971
92210000 964 965 967 972
4024fffb 965 966 967 973
b5620000 966 968 976 977
10350010 974 975 976 978
63300001 975 976 977 979
62200001 976 977 978 980
92210000 977 978 980 981
4024fffb 978 979 980 982
b5620000 979 981 989 990
10350010 981 982 983 991
63300001 982 983 984 992
62200001 983 984 985 993
92210000 984 985 987 994
4024fffb 985 986 987 995
b5620000 986 988 996 997
10350010 990 991 992 998
63300001 991 992 993 999
62200001 992 993 994 1000
92210000 993 994 996 1001
4024fffb 994 995 996 1002
b5620000 995 997 1005 1006
10350010 1003 1004 1005 1007
63300001 1004 1005 1006 1008
62200001 1005 1006 1007 1009
92210000 1006 1007 1009 1010
4024fffb 1007 1008 1009 1011
b5620000 1008 1010 1018 1019
10350010 1010 1011 1012 1020
63300001 1011 1012 1013 1021
62200001 1012 1013 1014 1022
92210000 1013 1014 1016 1023
4024fffb 1014 1015 1016 1024
b5620000 1015 1017 1025 1026
10350010 1019 1020 1021 1027
63300001 1020 1021 1022 1028
62200001 1021 1022 1023 1029
92210000 1022 1023 1025 1030
4024fffb 1023 1024 1025 1031
b5620000 1024 1026 1034 1035
10350010 1032 1033 1034 1036
63300001 1033 1034 1035 1037
62200001 1034 1035 1036 1038
92210000 1035 1036 1038 1039
4024fffb 1036 1037 1038 1040
b5620000 1037 1039 -1 -1
10350010 1039 1040 -1 -1
63300001 1040 -1 -1 -1
66600001 1042 1043 1044 1045
96610000 1043 1044 1046 1047
4064fff6 1044 1045 1046 1048
62000001 1045 1046 1047 1049
92010000 1046 1047 1049 1050
b5620000 1047 1050 1058 1059
10350010 1048 1049 1050 1060
63300001 1049 1050 1051 1061
62200001 1050 1051 1052 1062
92210000 1051 1052 1054 1063
4024fffb 1052 1053 1054 1064
66600001 1053 1054 1055 -1
96610000 1054 1055 1057 -1
4064fff6 1060 1061 1062 -1
62000001 1061 1062 1063 -1
92010000 1062 1063 -1 -1
b5620000 1063 -1 -1 -1
10350010 1064 -1 -1 -1
b5620000 1066 1067 1075 1076
10350010 1067 1068 1069 1077
63300001 1068 1069 1070 1078
62200001 1069 1070 1071 1079
92210000 1070 1071 1073 1080
4024fffb 1071 1072 1073 1081
b5620000 1072 1074 1082 1083
10350010 1073 1074 1075 1084
63300001 1077 1078 1079 1085
62200001 1078 1079 1080 1086
92210000 1079 1080 1082 1087
4024fffb 1080 1081 1082 1088
b5620000 1081 1083 1091 1092
10350010 1089 1090 1091 1093
63300001 1090 1091 1092 1094
62200001 1091 1092 1093 1095
92210000 1092 1093 1095 1096
4024fffb 1093 1094 1095 1097
b5620000 1094 1096 1104 1105
10350010 1096 1097 1098 1106
63300001 1097 1098 1099 1107
62200001 1098 1099 1100 1108
92210000 1099 1100 1102 1109
4024fffb 1100 1101 1102 1110
b5620000 1101 1103 1111 1112
10350010 1105 1106 1107 1113
63300001 1106 1107 1108 1114
62200001 1107 1108 1109 1115
92210000 1108 1109 1111 1116
4024fffb 1109 1110 1111 1117
b5620000 1110 1112 1120 1121
10350010 1118 1119 1120 1122
63300001 1119 1120 1121 1123
62200001 1120 1121 1122 1124
92210000 1121 1122 1124 1125
4024fffb 1122 1123 1124 1126
b5620000 1123 1125 1133 1134
10350010 1125 1126 1127 1135
63300001 1126 1127 1128 1136
62200001 1127 1128 1129 1137
92210000 1128 1129 1131 1138
4024fffb 1129 1130 1131 1139
b5620000 1130 1132 1140 1141
10350010 1134 1135 1136 1142
63300001 1135 1136 1137 1143
62200001 1136 1137 1138 1144
92210000 1137 1138 1140 1145
4024fffb 1138 1139 1140 1146
b5620000 1139 1141 1149 1150
10350010 1147 1148 1149 1151
63300001 1148 1149 1150 1152
62200001 1149 1150 1151 1153
92210000 1150 1151 1153 1154
4024fffb 1151 1152 1153 1155
b5620000 1152 1154 -1 -1
10350010 1154 1155 -1 -1
63300001 1155 -1 -1 -1
66600001 1157 1158 1159 1160
96610000 1158 1159 1161 1162
4064fff6 1159 1160 1161 1163
62000001 1160 1161 1162 -1
92010000 1161 1162 -1 -1
b5620000 1162 -1 -1 -1
10350010 1163 -1 -1 -1
c0000000 1165 -1 -1 1166
