61000000 1 2 3 4
6400000f 2 3 4 5
62000018 3 4 5 6
6320000f 4 6 7 8
0f30000f 5 8 20 21
6630000f 6 9 10 22
02200000 8 10 22 23
04300000 10 11 23 24
b6240000 11 24 29 30
61100001 12 13 14 31
62200001 13 14 15 32
63300001 14 15 16 33
66600001 15 16 17 34
10660000 16 18 19 35
4014fff8 22 23 24 36
71410000 23 24 25 -1
76640000 24 25 26 -1
06600001 25 27 28 -1
966f0000 31 -1 -1 -1
61100001 32 33 34 -1
66600001 33 34 35 -1
10660000 34 36 -1 -1
4014fffb 35 -1 -1 -1
c0000000 36 -1 -1 -1
02200000 38 39 51 52
04300000 39 40 52 53
b6240000 40 53 58 59
61100001 41 42 43 60
62200001 42 43 44 61
63300001 43 44 45 62
66600001 44 45 46 63
10660000 45 47 48 64
4014fff8 46 48 49 65
02200000 47 49 61 66
04300000 53 54 66 67
b6240000 54 67 72 73
61100001 60 61 62 74
62200001 61 62 63 75
63300001 62 63 64 76
66600001 63 64 65 77
10660000 64 66 67 78
4014fff8 65 67 68 79
02200000 66 68 80 81
04300000 68 69 81 82
b6240000 69 82 87 88
61100001 74 75 76 89
62200001 75 76 77 90
63300001 76 77 78 91
66600001 77 78 79 92
10660000 78 80 81 93
4014fff8 79 81 82 94
02200000 80 82 94 95
04300000 82 83 95 96
b6240000 83 96 101 102
61100001 89 90 91 103
62200001 90 91 92 104
63300001 91 92 93 105
66600001 92 93 94 106
10660000 93 95 96 107
4014fff8 94 96 97 108
02200000 95 97 109 110
04300000 97 98 110 111
b6240000 98 111 116 117
61100001 103 104 105 118
62200001 104 105 106 119
63300001 105 106 107 120
66600001 106 107 108 121
10660000 107 109 110 122
4014fff8 108 110 111 123
02200000 109 111 123 124
04300000 111 112 124 125
b6240000 112 125 130 131
61100001 118 119 120 132
62200001 119 120 121 133
63300001 120 121 122 134
66600001 121 122 123 135
10660000 122 124 125 136
4014fff8 123 125 126 137
02200000 124 126 138 139
04300000 126 127 139 140
b6240000 127 140 145 146
61100001 132 133 134 147
62200001 133 134 135 148
63300001 134 135 136 149
66600001 135 136 137 150
10660000 136 138 139 151
4014fff8 137 139 140 152
02200000 138 140 152 153
04300000 140 141 153 154
b6240000 141 154 159 160
61100001 147 148 149 161
62200001 148 149 150 162
63300001 149 150 151 163
66600001 150 151 152 164
10660000 151 153 154 165
4014fff8 152 154 155 166
02200000 153 155 167 168
04300000 155 156 168 169
b6240000 156 169 174 175
61100001 161 162 163 176
62200001 162 163 164 177
63300001 163 164 165 178
66600001 164 165 166 179
10660000 165 167 168 180
4014fff8 166 168 169 181
02200000 167 169 181 182
04300000 169 170 182 183
b6240000 170 183 188 189
61100001 176 177 178 190
62200001 177 178 179 191
63300001 178 179 180 192
66600001 179 180 181 193
10660000 180 182 183 194
4014fff8 181 183 184 195
02200000 182 184 196 197
04300000 184 185 197 198
b6240000 185 198 203 204
61100001 190 191 192 205
62200001 191 192 193 206
63300001 192 193 194 207
66600001 193 194 195 208
10660000 194 196 197 209
4014fff8 195 197 198 210
02200000 196 198 210 211
04300000 198 199 211 212
b6240000 199 212 217 218
61100001 205 206 207 219
62200001 206 207 208 220
63300001 207 208 209 221
66600001 208 209 210 222
10660000 209 211 212 223
4014fff8 210 212 213 224
02200000 211 213 225 226
04300000 213 214 226 227
b6240000 214 227 232 233
61100001 219 220 221 234
62200001 220 221 222 235
63300001 221 222 223 236
66600001 222 223 224 237
10660000 223 225 226 238
4014fff8 224 226 227 239
02200000 225 227 239 240
04300000 227 228 240 241
b6240000 228 241 246 247
61100001 234 235 236 248
62200001 235 236 237 249
63300001 236 237 238 250
66600001 237 238 239 251
10660000 238 240 241 252
4014fff8 239 241 242 253
02200000 240 242 243 -1
04300000 242 243 244 -1
b6240000 243 -1 -1 -1
61100001 248 249 250 -1
62200001 249 250 251 -1
63300001 250 251 252 -1
66600001 251 252 253 -1
10660000 252 -1 -1 -1
4014fff8 253 -1 -1 -1
71410000 255 256 257 258
76640000 256 257 258 259
06600001 257 259 271 272
966f0000 258 272 275 276
61100001 259 260 261 277
66600001 260 261 262 278
10660000 261 263 264 279
4014fffb 262 264 265 280
c0000000 263 -1 -1 -1
00000000 264 265 277 -1
40000000 265 266 267 -1
40800000 266 267 268 -1
40c00000 273 274 275 -1
41000000 277 278 279 -1
41200000 278 279 280 -1
41400000 279 280 -1 -1
41600000 280 -1 -1 -1
06600001 282 283 295 296
966f0000 283 296 299 300
61100001 284 285 286 301
66600001 285 286 287 302
10660000 286 288 289 303
4014fffb 287 289 290 304
06600001 288 290 302 305
966f0000 289 303 306 307
61100001 290 291 292 308
66600001 291 292 293 309
10660000 297 298 299 310
4014fffb 301 302 303 311
06600001 302 303 315 316
966f0000 303 316 319 320
61100001 304 305 306 321
66600001 305 306 307 322
10660000 306 308 309 323
4014fffb 308 309 310 324
06600001 309 310 322 325
966f0000 310 323 326 327
61100001 311 312 313 328
66600001 312 313 314 329
10660000 317 318 319 330
4014fffb 321 322 323 331
06600001 322 323 335 336
966f0000 323 336 339 340
61100001 324 325 326 341
66600001 325 326 327 342
10660000 326 328 329 343
4014fffb 328 329 330 344
06600001 329 330 342 345
966f0000 330 343 346 347
61100001 331 332 333 348
66600001 332 333 334 349
10660000 337 338 339 350
4014fffb 341 342 343 351
06600001 342 343 355 356
966f0000 343 356 359 360
61100001 344 345 346 361
66600001 345 346 347 362
10660000 346 348 349 363
4014fffb 348 349 350 364
06600001 349 350 362 365
966f0000 350 363 366 367
61100001 351 352 353 368
66600001 352 353 354 369
10660000 357 358 359 370
4014fffb 361 362 363 371
06600001 362 363 375 376
966f0000 363 376 379 380
61100001 364 365 366 381
66600001 365 366 367 382
10660000 366 368 369 383
4014fffb 368 369 370 384
06600001 369 370 382 385
966f0000 370 383 386 387
61100001 371 372 373 388
66600001 372 373 374 389
10660000 377 378 379 390
4014fffb 381 382 383 391
06600001 382 383 395 396
966f0000 383 396 399 400
61100001 384 385 386 401
66600001 385 386 387 402
10660000 386 388 389 403
4014fffb 388 389 390 404
06600001 389 390 402 405
966f0000 390 403 406 407
61100001 391 392 393 408
66600001 392 393 394 409
10660000 397 398 399 410
4014fffb 401 402 403 411
06600001 402 403 415 416
966f0000 403 416 419 420
61100001 404 405 406 421
66600001 405 406 407 422
10660000 406 408 409 423
4014fffb 408 409 410 424
06600001 409 410 422 425
966f0000 410 423 426 427
61100001 411 412 413 428
66600001 412 413 414 429
10660000 417 418 419 430
4014fffb 421 422 423 431
06600001 422 423 424 -1
966f0000 423 -1 -1 -1
61100001 424 425 426 -1
66600001 425 426 427 -1
10660000 426 428 429 -1
4014fffb 428 429 430 -1
06600001 429 430 431 -1
966f0000 430 -1 -1 -1
61100001 431 -1 -1 -1
c0000000 433 -1 -1 434
